Ticker,Date/Time,Open,High,Low,Close,Volume,Open Interest,Date
BANKNIFTYWK36600PE,08-02-2022 09:15:00,35.0,35.0,22.65,23.05,53450,203725,2022-02-08
BANKNIFTYWK36600PE,08-02-2022 09:16:00,23.25,23.5,20.05,22.75,45350,203725,2022-02-08
BANKNIFTYWK36600PE,08-02-2022 09:17:00,22.6,25.95,22.55,24.6,30675,199475,2022-02-08
BANKNIFTYWK36600PE,08-02-2022 09:18:00,24.8,25.8,23.2,24.7,30850,199475,2022-02-08
BANKNIFTYWK36600PE,08-02-2022 09:19:00,24.7,30.0,24.7,28.8,39550,199475,2022-02-08
BANKNIFTYWK36600PE,08-02-2022 09:20:00,29.25,33.2,28.45,32.35,33925,204725,2022-02-08
BANKNIFTYWK36600PE,08-02-2022 09:21:00,32.65,32.85,29.35,30.4,34825,204725,2022-02-08
BANKNIFTYWK36600PE,08-02-2022 09:22:00,30.25,31.9,29.65,29.8,24500,204725,2022-02-08
BANKNIFTYWK36600PE,08-02-2022 09:23:00,29.75,32.15,29.7,32.15,22825,227600,2022-02-08
BANKNIFTYWK36600PE,08-02-2022 09:24:00,32.3,43.45,32.3,43.45,45950,227600,2022-02-08
BANKNIFTYWK36600PE,08-02-2022 09:25:00,43.45,51.1,39.1,50.2,65100,227600,2022-02-08
BANKNIFTYWK36600PE,08-02-2022 09:26:00,49.9,59.3,49.8,59.3,52325,232425,2022-02-08
BANKNIFTYWK36600PE,08-02-2022 09:27:00,58.1,61.8,49.65,50.2,35475,232425,2022-02-08
BANKNIFTYWK36600PE,08-02-2022 09:28:00,49.3,54.55,46.2,50.0,30125,232425,2022-02-08
BANKNIFTYWK36600PE,08-02-2022 09:29:00,50.4,52.75,46.35,46.95,29350,231200,2022-02-08
BANKNIFTYWK36600PE,08-02-2022 09:30:00,45.9,46.3,36.9,38.55,43550,231200,2022-02-08
BANKNIFTYWK36600PE,08-02-2022 09:31:00,38.0,38.0,32.15,36.75,29575,231200,2022-02-08
BANKNIFTYWK36600PE,08-02-2022 09:32:00,37.0,37.8,34.7,35.6,23950,237525,2022-02-08
BANKNIFTYWK36600PE,08-02-2022 09:33:00,35.25,37.3,33.2,33.6,29250,237525,2022-02-08
BANKNIFTYWK36600PE,08-02-2022 09:34:00,33.25,35.0,32.55,32.9,20725,237525,2022-02-08
BANKNIFTYWK36600PE,08-02-2022 09:35:00,32.4,32.4,26.4,27.15,49650,243075,2022-02-08
BANKNIFTYWK36600PE,08-02-2022 09:36:00,27.05,29.35,26.55,27.9,25550,243075,2022-02-08
BANKNIFTYWK36600PE,08-02-2022 09:37:00,28.05,29.6,26.75,28.65,23800,243075,2022-02-08
BANKNIFTYWK36600PE,08-02-2022 09:38:00,28.55,29.35,27.25,28.8,10900,233625,2022-02-08
BANKNIFTYWK36600PE,08-02-2022 09:39:00,28.5,33.0,27.75,31.75,20950,233625,2022-02-08
BANKNIFTYWK36600PE,08-02-2022 09:40:00,32.05,32.1,29.7,29.9,22025,233625,2022-02-08
BANKNIFTYWK36600PE,08-02-2022 09:41:00,30.2,39.05,30.2,38.1,26025,224550,2022-02-08
BANKNIFTYWK36600PE,08-02-2022 09:42:00,38.25,41.4,36.75,40.8,22125,224550,2022-02-08
BANKNIFTYWK36600PE,08-02-2022 09:43:00,40.9,40.95,38.45,40.25,22725,224550,2022-02-08
BANKNIFTYWK36600PE,08-02-2022 09:44:00,40.55,44.95,39.15,43.45,18750,228325,2022-02-08
BANKNIFTYWK36600PE,08-02-2022 09:45:00,43.5,48.5,42.85,48.5,54300,228325,2022-02-08
BANKNIFTYWK36600PE,08-02-2022 09:46:00,47.55,49.5,46.0,47.7,27300,228325,2022-02-08
BANKNIFTYWK36600PE,08-02-2022 09:47:00,47.6,49.45,46.4,48.2,23550,225425,2022-02-08
BANKNIFTYWK36600PE,08-02-2022 09:48:00,48.0,48.0,37.6,39.35,25500,225425,2022-02-08
BANKNIFTYWK36600PE,08-02-2022 09:49:00,39.6,41.4,36.05,39.05,25100,225425,2022-02-08
BANKNIFTYWK36600PE,08-02-2022 09:50:00,38.8,39.4,35.5,37.75,20325,226800,2022-02-08
BANKNIFTYWK36600PE,08-02-2022 09:51:00,37.9,44.45,36.8,43.95,25775,226800,2022-02-08
BANKNIFTYWK36600PE,08-02-2022 09:52:00,43.25,47.85,42.7,45.85,21300,226800,2022-02-08
BANKNIFTYWK36600PE,08-02-2022 09:53:00,46.25,47.5,43.4,44.9,20825,232175,2022-02-08
BANKNIFTYWK36600PE,08-02-2022 09:54:00,45.55,46.55,41.6,43.5,14875,232175,2022-02-08
BANKNIFTYWK36600PE,08-02-2022 09:55:00,43.2,43.4,38.6,39.05,15925,232175,2022-02-08
BANKNIFTYWK36600PE,08-02-2022 09:56:00,38.9,40.05,35.85,39.8,26425,231650,2022-02-08
BANKNIFTYWK36600PE,08-02-2022 09:57:00,39.9,45.65,39.5,45.65,17350,231650,2022-02-08
BANKNIFTYWK36600PE,08-02-2022 09:58:00,45.9,55.65,44.4,54.85,38825,231650,2022-02-08
BANKNIFTYWK36600PE,08-02-2022 09:59:00,55.75,60.45,48.0,52.2,39100,223175,2022-02-08
BANKNIFTYWK36600PE,08-02-2022 10:00:00,51.3,56.8,51.3,55.25,20700,223175,2022-02-08
BANKNIFTYWK36600PE,08-02-2022 10:01:00,55.4,57.0,47.85,50.4,23350,223175,2022-02-08
BANKNIFTYWK36600PE,08-02-2022 10:02:00,49.7,56.1,49.5,54.1,12900,230125,2022-02-08
BANKNIFTYWK36600PE,08-02-2022 10:03:00,53.9,54.45,50.45,51.3,9425,230125,2022-02-08
BANKNIFTYWK36600PE,08-02-2022 10:04:00,51.3,52.0,46.35,52.0,20875,230125,2022-02-08
BANKNIFTYWK36600PE,08-02-2022 10:05:00,51.25,55.55,50.6,53.7,11650,233600,2022-02-08
BANKNIFTYWK36600PE,08-02-2022 10:06:00,54.0,55.6,49.75,51.4,13300,233600,2022-02-08
BANKNIFTYWK36600PE,08-02-2022 10:07:00,51.4,53.0,49.0,49.4,7425,233600,2022-02-08
BANKNIFTYWK36600PE,08-02-2022 10:08:00,48.2,50.95,47.3,48.4,13275,236875,2022-02-08
BANKNIFTYWK36600PE,08-02-2022 10:09:00,48.4,54.2,47.55,53.15,10100,236875,2022-02-08
BANKNIFTYWK36600PE,08-02-2022 10:10:00,53.15,55.0,51.3,55.0,12525,236875,2022-02-08
BANKNIFTYWK36600PE,08-02-2022 10:11:00,55.05,58.35,54.65,58.35,14025,236475,2022-02-08
BANKNIFTYWK36600PE,08-02-2022 10:12:00,58.0,58.35,54.8,56.5,10525,236475,2022-02-08
BANKNIFTYWK36600PE,08-02-2022 10:13:00,56.5,57.9,55.35,56.8,7100,236475,2022-02-08
BANKNIFTYWK36600PE,08-02-2022 10:14:00,57.3,61.5,56.8,61.0,19350,230125,2022-02-08
BANKNIFTYWK36600PE,08-02-2022 10:15:00,61.75,67.3,61.75,63.95,42750,230125,2022-02-08
BANKNIFTYWK36600PE,08-02-2022 10:16:00,63.8,64.5,58.5,62.6,29225,230125,2022-02-08
BANKNIFTYWK36600PE,08-02-2022 10:17:00,62.95,63.25,53.6,60.65,23350,226900,2022-02-08
BANKNIFTYWK36600PE,08-02-2022 10:18:00,61.25,64.55,60.9,63.0,16075,226900,2022-02-08
BANKNIFTYWK36600PE,08-02-2022 10:19:00,63.0,65.4,61.45,65.1,11750,226900,2022-02-08
BANKNIFTYWK36600PE,08-02-2022 10:20:00,65.9,66.85,61.6,63.1,13725,226475,2022-02-08
BANKNIFTYWK36600PE,08-02-2022 10:21:00,62.75,65.3,62.2,63.6,7100,226475,2022-02-08
BANKNIFTYWK36600PE,08-02-2022 10:22:00,63.6,66.0,61.5,63.45,12950,226475,2022-02-08
BANKNIFTYWK36600PE,08-02-2022 10:23:00,63.6,63.85,60.7,62.5,14200,228450,2022-02-08
BANKNIFTYWK36600PE,08-02-2022 10:24:00,62.7,69.5,62.55,67.95,25500,228450,2022-02-08
BANKNIFTYWK36600PE,08-02-2022 10:25:00,67.9,69.9,65.9,66.7,28625,228450,2022-02-08
BANKNIFTYWK36600PE,08-02-2022 10:26:00,67.0,68.0,63.05,66.0,21000,221200,2022-02-08
BANKNIFTYWK36600PE,08-02-2022 10:27:00,65.7,72.0,64.85,67.95,22950,221200,2022-02-08
BANKNIFTYWK36600PE,08-02-2022 10:28:00,67.85,70.8,67.05,69.5,16775,221200,2022-02-08
BANKNIFTYWK36600PE,08-02-2022 10:29:00,68.95,73.7,68.95,72.7,26800,219600,2022-02-08
BANKNIFTYWK36600PE,08-02-2022 10:30:00,73.0,77.5,71.25,77.1,36075,219600,2022-02-08
BANKNIFTYWK36600PE,08-02-2022 10:31:00,75.65,84.55,74.6,84.55,31400,219600,2022-02-08
BANKNIFTYWK36600PE,08-02-2022 10:32:00,87.0,94.15,84.45,93.2,62225,208450,2022-02-08
BANKNIFTYWK36600PE,08-02-2022 10:33:00,93.0,101.35,88.5,88.5,76275,208450,2022-02-08
BANKNIFTYWK36600PE,08-02-2022 10:34:00,89.55,100.0,84.2,97.8,67300,208450,2022-02-08
BANKNIFTYWK36600PE,08-02-2022 10:35:00,98.0,100.75,91.0,98.3,53200,211925,2022-02-08
BANKNIFTYWK36600PE,08-02-2022 10:36:00,100.0,100.0,87.45,87.75,44525,211925,2022-02-08
BANKNIFTYWK36600PE,08-02-2022 10:37:00,89.25,92.8,85.75,89.75,48725,211925,2022-02-08
BANKNIFTYWK36600PE,08-02-2022 10:38:00,89.6,92.8,85.95,88.65,30300,226100,2022-02-08
BANKNIFTYWK36600PE,08-02-2022 10:39:00,88.9,99.2,88.9,97.6,47800,226100,2022-02-08
BANKNIFTYWK36600PE,08-02-2022 10:40:00,97.1,104.9,96.45,102.15,71225,226100,2022-02-08
BANKNIFTYWK36600PE,08-02-2022 10:41:00,103.45,107.9,101.85,106.0,40000,218150,2022-02-08
BANKNIFTYWK36600PE,08-02-2022 10:42:00,107.85,110.45,101.65,101.65,48575,218150,2022-02-08
BANKNIFTYWK36600PE,08-02-2022 10:43:00,103.8,109.0,90.2,106.8,82750,218150,2022-02-08
BANKNIFTYWK36600PE,08-02-2022 10:44:00,105.4,106.4,101.95,104.95,24825,231100,2022-02-08
BANKNIFTYWK36600PE,08-02-2022 10:45:00,105.45,108.0,95.85,96.35,34700,231100,2022-02-08
BANKNIFTYWK36600PE,08-02-2022 10:46:00,96.0,101.4,94.3,97.0,28475,231100,2022-02-08
BANKNIFTYWK36600PE,08-02-2022 10:47:00,96.5,99.9,95.7,98.9,18250,244225,2022-02-08
BANKNIFTYWK36600PE,08-02-2022 10:48:00,99.0,99.0,94.3,97.35,20550,244225,2022-02-08
BANKNIFTYWK36600PE,08-02-2022 10:49:00,97.6,98.1,94.0,96.2,15400,244225,2022-02-08
BANKNIFTYWK36600PE,08-02-2022 10:50:00,96.6,97.1,82.25,87.05,46875,252900,2022-02-08
BANKNIFTYWK36600PE,08-02-2022 10:51:00,88.1,89.75,83.15,83.15,28250,252900,2022-02-08
BANKNIFTYWK36600PE,08-02-2022 10:52:00,83.8,93.7,83.3,93.7,33500,252900,2022-02-08
BANKNIFTYWK36600PE,08-02-2022 10:53:00,93.6,99.2,91.35,98.65,25575,251275,2022-02-08
BANKNIFTYWK36600PE,08-02-2022 10:54:00,99.15,109.25,99.0,108.9,52625,251275,2022-02-08
BANKNIFTYWK36600PE,08-02-2022 10:55:00,108.85,110.75,99.15,108.3,45375,251275,2022-02-08
BANKNIFTYWK36600PE,08-02-2022 10:56:00,109.6,112.0,107.0,109.75,42125,250200,2022-02-08
BANKNIFTYWK36600PE,08-02-2022 10:57:00,109.65,111.0,101.4,108.1,32675,250200,2022-02-08
BANKNIFTYWK36600PE,08-02-2022 10:58:00,108.05,110.35,105.75,108.9,20325,250200,2022-02-08
BANKNIFTYWK36600PE,08-02-2022 10:59:00,108.8,114.7,106.6,112.05,23100,250450,2022-02-08
BANKNIFTYWK36600PE,08-02-2022 11:00:00,112.7,125.35,112.7,121.65,67375,250450,2022-02-08
BANKNIFTYWK36600PE,08-02-2022 11:01:00,124.15,126.75,119.3,122.0,50075,250450,2022-02-08
BANKNIFTYWK36600PE,08-02-2022 11:02:00,122.6,126.0,119.15,125.75,30650,235525,2022-02-08
BANKNIFTYWK36600PE,08-02-2022 11:03:00,125.1,136.45,125.1,135.75,36675,235525,2022-02-08
BANKNIFTYWK36600PE,08-02-2022 11:04:00,134.65,134.65,116.45,121.7,69600,235525,2022-02-08
BANKNIFTYWK36600PE,08-02-2022 11:05:00,122.2,128.5,117.75,121.4,37625,222775,2022-02-08
BANKNIFTYWK36600PE,08-02-2022 11:06:00,121.25,123.3,110.0,111.3,36600,222775,2022-02-08
BANKNIFTYWK36600PE,08-02-2022 11:07:00,111.95,122.6,111.95,118.6,23475,222775,2022-02-08
BANKNIFTYWK36600PE,08-02-2022 11:08:00,118.25,120.05,113.4,119.25,21575,223025,2022-02-08
BANKNIFTYWK36600PE,08-02-2022 11:09:00,118.2,129.0,117.45,128.4,33400,223025,2022-02-08
BANKNIFTYWK36600PE,08-02-2022 11:10:00,126.25,128.7,115.65,117.35,23275,223025,2022-02-08
BANKNIFTYWK36600PE,08-02-2022 11:11:00,118.5,119.35,112.3,114.0,24975,221475,2022-02-08
BANKNIFTYWK36600PE,08-02-2022 11:12:00,114.05,114.5,106.45,112.1,52275,221475,2022-02-08
BANKNIFTYWK36600PE,08-02-2022 11:13:00,111.75,117.5,109.35,110.25,31400,221475,2022-02-08
BANKNIFTYWK36600PE,08-02-2022 11:14:00,111.35,113.3,107.0,107.95,16600,239925,2022-02-08
BANKNIFTYWK36600PE,08-02-2022 11:15:00,107.75,114.75,102.55,110.6,15275,239925,2022-02-08
BANKNIFTYWK36600PE,08-02-2022 11:16:00,109.45,112.05,95.6,96.5,22000,239925,2022-02-08
BANKNIFTYWK36600PE,08-02-2022 11:17:00,97.15,99.0,90.25,90.5,37150,241775,2022-02-08
BANKNIFTYWK36600PE,08-02-2022 11:18:00,91.65,100.1,90.75,99.6,30175,241775,2022-02-08
BANKNIFTYWK36600PE,08-02-2022 11:19:00,99.8,99.8,93.0,96.05,20475,241775,2022-02-08
BANKNIFTYWK36600PE,08-02-2022 11:20:00,95.2,99.15,92.1,92.1,17650,246050,2022-02-08
BANKNIFTYWK36600PE,08-02-2022 11:21:00,92.05,92.25,85.75,90.8,37975,246050,2022-02-08
BANKNIFTYWK36600PE,08-02-2022 11:22:00,91.45,94.1,89.2,90.3,23450,246050,2022-02-08
BANKNIFTYWK36600PE,08-02-2022 11:23:00,90.55,95.35,90.15,94.5,16525,251100,2022-02-08
BANKNIFTYWK36600PE,08-02-2022 11:24:00,93.35,105.85,93.15,104.0,34075,251100,2022-02-08
BANKNIFTYWK36600PE,08-02-2022 11:25:00,103.75,111.0,103.2,104.1,23400,251100,2022-02-08
BANKNIFTYWK36600PE,08-02-2022 11:26:00,104.9,107.0,91.15,96.1,20950,258825,2022-02-08
BANKNIFTYWK36600PE,08-02-2022 11:27:00,97.1,97.85,93.3,94.3,16375,258825,2022-02-08
BANKNIFTYWK36600PE,08-02-2022 11:28:00,93.45,95.55,89.25,92.9,29050,258825,2022-02-08
BANKNIFTYWK36600PE,08-02-2022 11:29:00,92.75,93.35,86.45,89.2,25625,281775,2022-02-08
BANKNIFTYWK36600PE,08-02-2022 11:30:00,89.6,90.15,81.85,83.55,29875,281775,2022-02-08
BANKNIFTYWK36600PE,08-02-2022 11:31:00,84.1,94.0,84.1,90.0,34825,281775,2022-02-08
BANKNIFTYWK36600PE,08-02-2022 11:32:00,89.55,93.9,86.9,93.9,14750,283025,2022-02-08
BANKNIFTYWK36600PE,08-02-2022 11:33:00,94.0,94.0,85.85,85.9,15675,283025,2022-02-08
BANKNIFTYWK36600PE,08-02-2022 11:34:00,86.55,87.65,82.5,82.95,18275,283025,2022-02-08
BANKNIFTYWK36600PE,08-02-2022 11:35:00,82.95,87.7,74.45,74.55,37225,288900,2022-02-08
BANKNIFTYWK36600PE,08-02-2022 11:36:00,75.7,76.25,66.45,68.7,47850,288900,2022-02-08
BANKNIFTYWK36600PE,08-02-2022 11:37:00,68.9,71.9,67.0,67.5,33850,288900,2022-02-08
BANKNIFTYWK36600PE,08-02-2022 11:38:00,66.5,71.4,64.45,69.15,41825,281875,2022-02-08
BANKNIFTYWK36600PE,08-02-2022 11:39:00,69.3,72.25,67.95,70.05,19325,281875,2022-02-08
BANKNIFTYWK36600PE,08-02-2022 11:40:00,69.65,74.6,68.55,73.85,26975,281875,2022-02-08
BANKNIFTYWK36600PE,08-02-2022 11:41:00,72.9,73.65,64.6,65.15,32400,281700,2022-02-08
BANKNIFTYWK36600PE,08-02-2022 11:42:00,65.0,68.5,64.5,65.95,14550,281700,2022-02-08
BANKNIFTYWK36600PE,08-02-2022 11:43:00,65.8,69.0,64.0,67.25,18300,281700,2022-02-08
BANKNIFTYWK36600PE,08-02-2022 11:44:00,67.35,67.7,64.3,64.3,17050,281100,2022-02-08
BANKNIFTYWK36600PE,08-02-2022 11:45:00,64.4,69.4,63.5,67.55,20300,281100,2022-02-08
BANKNIFTYWK36600PE,08-02-2022 11:46:00,67.45,73.85,67.45,71.35,20675,281100,2022-02-08
BANKNIFTYWK36600PE,08-02-2022 11:47:00,70.2,71.55,63.95,65.7,19900,281625,2022-02-08
BANKNIFTYWK36600PE,08-02-2022 11:48:00,65.1,65.35,56.4,57.7,51525,281625,2022-02-08
BANKNIFTYWK36600PE,08-02-2022 11:49:00,56.85,57.45,53.2,55.35,30000,281625,2022-02-08
BANKNIFTYWK36600PE,08-02-2022 11:50:00,55.35,55.35,50.0,50.5,29475,269375,2022-02-08
BANKNIFTYWK36600PE,08-02-2022 11:51:00,51.0,52.85,50.0,51.0,53025,269375,2022-02-08
BANKNIFTYWK36600PE,08-02-2022 11:52:00,51.1,52.0,46.3,47.5,42350,269375,2022-02-08
BANKNIFTYWK36600PE,08-02-2022 11:53:00,47.0,48.0,45.2,47.9,55100,266425,2022-02-08
BANKNIFTYWK36600PE,08-02-2022 11:54:00,48.2,50.3,47.75,50.25,47050,266425,2022-02-08
BANKNIFTYWK36600PE,08-02-2022 11:55:00,50.0,53.3,47.65,53.25,16250,266425,2022-02-08
BANKNIFTYWK36600PE,08-02-2022 11:56:00,53.1,54.2,47.3,47.6,20150,246425,2022-02-08
BANKNIFTYWK36600PE,08-02-2022 11:57:00,47.65,49.05,46.0,47.95,17950,246425,2022-02-08
BANKNIFTYWK36600PE,08-02-2022 11:58:00,48.1,52.05,47.9,52.0,16900,246425,2022-02-08
BANKNIFTYWK36600PE,08-02-2022 11:59:00,52.1,52.1,48.8,48.8,16275,248150,2022-02-08
BANKNIFTYWK36600PE,08-02-2022 12:00:00,48.55,50.9,47.1,48.6,12125,248150,2022-02-08
BANKNIFTYWK36600PE,08-02-2022 12:01:00,48.15,52.2,47.7,51.15,9725,248150,2022-02-08
BANKNIFTYWK36600PE,08-02-2022 12:02:00,50.8,52.35,49.45,51.75,7825,249675,2022-02-08
BANKNIFTYWK36600PE,08-02-2022 12:03:00,51.75,51.95,49.45,51.5,10000,249675,2022-02-08
BANKNIFTYWK36600PE,08-02-2022 12:04:00,51.45,52.1,43.8,44.55,31150,249675,2022-02-08
BANKNIFTYWK36600PE,08-02-2022 12:05:00,44.9,48.4,44.8,45.4,31200,245575,2022-02-08
BANKNIFTYWK36600PE,08-02-2022 12:06:00,45.95,47.7,45.9,46.4,6525,245575,2022-02-08
BANKNIFTYWK36600PE,08-02-2022 12:07:00,46.25,46.4,42.0,44.4,25450,245575,2022-02-08
BANKNIFTYWK36600PE,08-02-2022 12:08:00,44.65,46.1,44.15,44.7,12450,239950,2022-02-08
BANKNIFTYWK36600PE,08-02-2022 12:09:00,44.8,47.9,44.3,46.25,16050,239950,2022-02-08
BANKNIFTYWK36600PE,08-02-2022 12:10:00,46.5,49.55,46.3,48.25,12600,239950,2022-02-08
BANKNIFTYWK36600PE,08-02-2022 12:11:00,48.0,48.65,44.4,46.85,17000,240025,2022-02-08
BANKNIFTYWK36600PE,08-02-2022 12:12:00,46.95,47.6,44.9,47.35,11550,240025,2022-02-08
BANKNIFTYWK36600PE,08-02-2022 12:13:00,47.6,52.0,47.6,51.5,14600,240025,2022-02-08
BANKNIFTYWK36600PE,08-02-2022 12:14:00,51.3,56.75,51.3,56.0,16750,241125,2022-02-08
BANKNIFTYWK36600PE,08-02-2022 12:15:00,56.75,59.25,52.55,58.7,22900,241125,2022-02-08
BANKNIFTYWK36600PE,08-02-2022 12:16:00,57.95,58.95,55.0,57.25,13850,241125,2022-02-08
BANKNIFTYWK36600PE,08-02-2022 12:17:00,57.25,57.25,49.8,50.15,14900,241125,2022-02-08
BANKNIFTYWK36600PE,08-02-2022 12:18:00,49.9,50.25,46.35,50.0,14475,245500,2022-02-08
BANKNIFTYWK36600PE,08-02-2022 12:19:00,49.5,50.2,46.95,47.35,8650,245500,2022-02-08
BANKNIFTYWK36600PE,08-02-2022 12:20:00,47.5,47.55,41.5,42.25,22325,245500,2022-02-08
BANKNIFTYWK36600PE,08-02-2022 12:21:00,42.2,42.2,36.8,37.7,51925,246750,2022-02-08
BANKNIFTYWK36600PE,08-02-2022 12:22:00,37.3,37.4,33.55,33.55,53925,246750,2022-02-08
BANKNIFTYWK36600PE,08-02-2022 12:23:00,33.9,36.35,33.9,35.8,44250,246750,2022-02-08
BANKNIFTYWK36600PE,08-02-2022 12:24:00,35.95,36.4,33.9,34.95,18225,242175,2022-02-08
BANKNIFTYWK36600PE,08-02-2022 12:25:00,34.95,36.45,34.8,36.4,19975,242175,2022-02-08
BANKNIFTYWK36600PE,08-02-2022 12:26:00,36.35,36.75,34.5,34.6,24000,242175,2022-02-08
BANKNIFTYWK36600PE,08-02-2022 12:27:00,34.75,35.05,30.7,31.35,26400,244100,2022-02-08
BANKNIFTYWK36600PE,08-02-2022 12:28:00,31.0,32.3,30.6,32.3,44800,244100,2022-02-08
BANKNIFTYWK36600PE,08-02-2022 12:29:00,32.1,33.15,31.5,31.9,11100,244100,2022-02-08
BANKNIFTYWK36600PE,08-02-2022 12:30:00,32.05,34.75,30.65,33.05,22175,256575,2022-02-08
BANKNIFTYWK36600PE,08-02-2022 12:31:00,33.25,35.6,33.25,35.6,8400,256575,2022-02-08
BANKNIFTYWK36600PE,08-02-2022 12:32:00,36.0,36.0,31.95,32.9,14725,256575,2022-02-08
BANKNIFTYWK36600PE,08-02-2022 12:33:00,32.75,34.35,32.25,34.2,9500,251150,2022-02-08
BANKNIFTYWK36600PE,08-02-2022 12:34:00,33.7,35.7,33.55,34.5,9125,251150,2022-02-08
BANKNIFTYWK36600PE,08-02-2022 12:35:00,33.95,34.25,32.0,32.65,23475,251150,2022-02-08
BANKNIFTYWK36600PE,08-02-2022 12:36:00,32.7,34.4,31.6,34.35,10400,245600,2022-02-08
BANKNIFTYWK36600PE,08-02-2022 12:37:00,34.1,35.55,30.75,30.75,14250,245600,2022-02-08
BANKNIFTYWK36600PE,08-02-2022 12:38:00,30.75,32.35,29.45,29.5,18400,245600,2022-02-08
BANKNIFTYWK36600PE,08-02-2022 12:39:00,29.3,30.35,28.8,28.9,19700,242300,2022-02-08
BANKNIFTYWK36600PE,08-02-2022 12:40:00,29.35,29.35,25.8,27.0,28850,242300,2022-02-08
BANKNIFTYWK36600PE,08-02-2022 12:41:00,27.0,27.0,25.85,26.65,15450,242300,2022-02-08
BANKNIFTYWK36600PE,08-02-2022 12:42:00,27.0,27.85,24.85,25.0,27300,240300,2022-02-08
BANKNIFTYWK36600PE,08-02-2022 12:43:00,24.6,28.0,24.6,27.5,49050,240300,2022-02-08
BANKNIFTYWK36600PE,08-02-2022 12:44:00,27.6,28.2,26.55,26.55,13200,240300,2022-02-08
BANKNIFTYWK36600PE,08-02-2022 12:45:00,26.0,28.9,25.3,28.85,18700,228325,2022-02-08
BANKNIFTYWK36600PE,08-02-2022 12:46:00,28.75,29.1,28.0,29.0,17950,228325,2022-02-08
BANKNIFTYWK36600PE,08-02-2022 12:47:00,29.0,30.55,28.75,30.1,17675,228325,2022-02-08
BANKNIFTYWK36600PE,08-02-2022 12:48:00,29.6,30.25,27.6,27.7,15625,229100,2022-02-08
BANKNIFTYWK36600PE,08-02-2022 12:49:00,27.65,28.9,27.5,27.8,19150,229100,2022-02-08
BANKNIFTYWK36600PE,08-02-2022 12:50:00,27.4,31.8,27.4,31.45,30400,229100,2022-02-08
BANKNIFTYWK36600PE,08-02-2022 12:51:00,31.0,35.15,31.0,35.1,23050,221725,2022-02-08
BANKNIFTYWK36600PE,08-02-2022 12:52:00,35.15,36.95,32.9,33.95,24900,221725,2022-02-08
BANKNIFTYWK36600PE,08-02-2022 12:53:00,33.95,37.5,33.8,37.4,13125,221725,2022-02-08
BANKNIFTYWK36600PE,08-02-2022 12:54:00,38.1,42.6,37.8,42.35,24450,226675,2022-02-08
BANKNIFTYWK36600PE,08-02-2022 12:55:00,42.65,49.7,38.45,49.7,35200,226675,2022-02-08
BANKNIFTYWK36600PE,08-02-2022 12:56:00,47.95,48.6,43.3,43.3,45625,226675,2022-02-08
BANKNIFTYWK36600PE,08-02-2022 12:57:00,43.45,45.85,42.95,45.15,17175,218150,2022-02-08
BANKNIFTYWK36600PE,08-02-2022 12:58:00,45.15,47.65,45.15,46.15,10250,218150,2022-02-08
BANKNIFTYWK36600PE,08-02-2022 12:59:00,45.35,47.05,44.5,46.1,13075,218150,2022-02-08
BANKNIFTYWK36600PE,08-02-2022 13:00:00,45.75,46.4,40.85,42.2,17600,221725,2022-02-08
BANKNIFTYWK36600PE,08-02-2022 13:01:00,42.75,50.55,42.75,49.0,25575,221725,2022-02-08
BANKNIFTYWK36600PE,08-02-2022 13:02:00,50.0,54.55,47.9,52.05,51700,221725,2022-02-08
BANKNIFTYWK36600PE,08-02-2022 13:03:00,51.9,56.05,51.9,54.5,33550,214900,2022-02-08
BANKNIFTYWK36600PE,08-02-2022 13:04:00,55.05,59.7,55.05,58.3,21875,214900,2022-02-08
BANKNIFTYWK36600PE,08-02-2022 13:05:00,58.5,58.8,54.65,57.1,15875,214900,2022-02-08
BANKNIFTYWK36600PE,08-02-2022 13:06:00,56.3,60.3,53.4,60.3,20525,212275,2022-02-08
BANKNIFTYWK36600PE,08-02-2022 13:07:00,60.75,61.45,57.75,60.0,25900,212275,2022-02-08
BANKNIFTYWK36600PE,08-02-2022 13:08:00,60.15,67.8,59.6,65.4,41700,212275,2022-02-08
BANKNIFTYWK36600PE,08-02-2022 13:09:00,66.55,73.0,65.4,72.75,39550,209725,2022-02-08
BANKNIFTYWK36600PE,08-02-2022 13:10:00,74.4,81.0,69.55,72.0,59100,209725,2022-02-08
BANKNIFTYWK36600PE,08-02-2022 13:11:00,73.15,75.15,70.2,70.55,26575,209725,2022-02-08
BANKNIFTYWK36600PE,08-02-2022 13:12:00,71.25,71.25,53.2,56.2,46125,214700,2022-02-08
BANKNIFTYWK36600PE,08-02-2022 13:13:00,57.6,66.8,56.4,64.95,25250,214700,2022-02-08
BANKNIFTYWK36600PE,08-02-2022 13:14:00,65.8,76.35,64.85,75.0,30475,214700,2022-02-08
BANKNIFTYWK36600PE,08-02-2022 13:15:00,75.8,76.8,65.85,74.9,31125,211125,2022-02-08
BANKNIFTYWK36600PE,08-02-2022 13:16:00,74.55,74.85,68.65,69.25,21650,211125,2022-02-08
BANKNIFTYWK36600PE,08-02-2022 13:17:00,68.9,69.95,61.2,66.05,21550,211125,2022-02-08
BANKNIFTYWK36600PE,08-02-2022 13:18:00,66.45,67.3,62.7,64.35,11625,209800,2022-02-08
BANKNIFTYWK36600PE,08-02-2022 13:19:00,65.4,66.15,59.2,59.2,14025,209800,2022-02-08
BANKNIFTYWK36600PE,08-02-2022 13:20:00,59.3,60.45,50.25,50.25,32825,209800,2022-02-08
BANKNIFTYWK36600PE,08-02-2022 13:21:00,50.9,51.2,44.85,46.15,45475,205350,2022-02-08
BANKNIFTYWK36600PE,08-02-2022 13:22:00,46.85,53.4,46.45,53.25,20075,205350,2022-02-08
BANKNIFTYWK36600PE,08-02-2022 13:23:00,54.35,56.5,51.3,51.3,20600,205350,2022-02-08
BANKNIFTYWK36600PE,08-02-2022 13:24:00,52.05,53.4,47.0,48.15,12650,205350,2022-02-08
BANKNIFTYWK36600PE,08-02-2022 13:25:00,48.1,52.4,48.0,52.0,11250,205350,2022-02-08
BANKNIFTYWK36600PE,08-02-2022 13:26:00,52.1,52.55,49.5,50.45,8050,205350,2022-02-08
BANKNIFTYWK36600PE,08-02-2022 13:27:00,51.0,51.85,50.15,50.5,7325,209225,2022-02-08
BANKNIFTYWK36600PE,08-02-2022 13:28:00,50.5,62.65,50.5,58.1,27550,209225,2022-02-08
BANKNIFTYWK36600PE,08-02-2022 13:29:00,58.05,59.7,51.65,55.75,10775,209225,2022-02-08
BANKNIFTYWK36600PE,08-02-2022 13:30:00,55.8,62.1,55.8,57.2,14700,213775,2022-02-08
BANKNIFTYWK36600PE,08-02-2022 13:31:00,58.2,59.7,55.0,55.0,12225,213775,2022-02-08
BANKNIFTYWK36600PE,08-02-2022 13:32:00,54.6,55.95,42.55,44.0,28825,213775,2022-02-08
BANKNIFTYWK36600PE,08-02-2022 13:33:00,43.55,43.55,33.85,37.2,40525,207000,2022-02-08
BANKNIFTYWK36600PE,08-02-2022 13:34:00,37.2,39.0,36.8,37.6,14375,207000,2022-02-08
BANKNIFTYWK36600PE,08-02-2022 13:35:00,38.3,38.4,33.25,34.2,31900,207000,2022-02-08
BANKNIFTYWK36600PE,08-02-2022 13:36:00,34.9,37.1,33.4,36.95,18475,210125,2022-02-08
BANKNIFTYWK36600PE,08-02-2022 13:37:00,36.95,41.9,36.95,41.5,21525,210125,2022-02-08
BANKNIFTYWK36600PE,08-02-2022 13:38:00,41.05,43.05,38.95,40.15,21275,210125,2022-02-08
BANKNIFTYWK36600PE,08-02-2022 13:39:00,40.0,40.8,38.75,40.15,14025,216275,2022-02-08
BANKNIFTYWK36600PE,08-02-2022 13:40:00,40.1,41.3,37.65,39.25,13475,216275,2022-02-08
BANKNIFTYWK36600PE,08-02-2022 13:41:00,39.45,41.4,39.45,40.8,9425,216275,2022-02-08
BANKNIFTYWK36600PE,08-02-2022 13:42:00,40.7,41.15,39.6,40.05,6150,222675,2022-02-08
BANKNIFTYWK36600PE,08-02-2022 13:43:00,40.05,40.6,36.65,37.45,13775,222675,2022-02-08
BANKNIFTYWK36600PE,08-02-2022 13:44:00,37.5,42.6,36.5,39.55,26250,222675,2022-02-08
BANKNIFTYWK36600PE,08-02-2022 13:45:00,39.25,42.7,37.25,37.25,21200,218650,2022-02-08
BANKNIFTYWK36600PE,08-02-2022 13:46:00,37.2,38.05,35.0,37.5,30900,218650,2022-02-08
BANKNIFTYWK36600PE,08-02-2022 13:47:00,37.5,41.9,37.1,39.65,15875,218650,2022-02-08
BANKNIFTYWK36600PE,08-02-2022 13:48:00,39.75,42.15,39.6,41.15,20925,230575,2022-02-08
BANKNIFTYWK36600PE,08-02-2022 13:49:00,41.25,45.75,41.0,45.55,20775,230575,2022-02-08
BANKNIFTYWK36600PE,08-02-2022 13:50:00,46.25,46.5,43.0,44.4,17350,230575,2022-02-08
BANKNIFTYWK36600PE,08-02-2022 13:51:00,44.3,51.3,44.3,47.25,24200,229450,2022-02-08
BANKNIFTYWK36600PE,08-02-2022 13:52:00,48.6,48.65,42.8,43.25,13075,229450,2022-02-08
BANKNIFTYWK36600PE,08-02-2022 13:53:00,43.9,47.2,41.95,44.6,15025,229450,2022-02-08
BANKNIFTYWK36600PE,08-02-2022 13:54:00,45.95,47.45,44.7,45.85,7925,228850,2022-02-08
BANKNIFTYWK36600PE,08-02-2022 13:55:00,46.15,48.0,44.35,46.35,16025,228850,2022-02-08
BANKNIFTYWK36600PE,08-02-2022 13:56:00,47.3,52.2,46.7,50.7,17725,228850,2022-02-08
BANKNIFTYWK36600PE,08-02-2022 13:57:00,50.3,55.2,49.7,51.05,25975,231025,2022-02-08
BANKNIFTYWK36600PE,08-02-2022 13:58:00,52.15,52.4,46.55,46.55,13675,231025,2022-02-08
BANKNIFTYWK36600PE,08-02-2022 13:59:00,46.55,49.4,45.35,47.0,9575,231025,2022-02-08
BANKNIFTYWK36600PE,08-02-2022 14:00:00,47.35,52.0,46.2,52.0,5000,238225,2022-02-08
BANKNIFTYWK36600PE,08-02-2022 14:01:00,51.8,52.85,48.5,49.0,9625,238225,2022-02-08
BANKNIFTYWK36600PE,08-02-2022 14:02:00,48.75,49.25,45.8,47.25,12075,238225,2022-02-08
BANKNIFTYWK36600PE,08-02-2022 14:03:00,48.0,48.55,44.75,44.75,11900,236825,2022-02-08
BANKNIFTYWK36600PE,08-02-2022 14:04:00,45.0,50.3,43.0,48.7,27475,236825,2022-02-08
BANKNIFTYWK36600PE,08-02-2022 14:05:00,49.4,51.3,47.9,47.9,11550,236825,2022-02-08
BANKNIFTYWK36600PE,08-02-2022 14:06:00,47.7,50.3,47.15,47.85,4975,232800,2022-02-08
BANKNIFTYWK36600PE,08-02-2022 14:07:00,49.0,49.75,45.0,45.0,5600,232800,2022-02-08
BANKNIFTYWK36600PE,08-02-2022 14:08:00,45.3,49.5,43.7,49.5,24625,232800,2022-02-08
BANKNIFTYWK36600PE,08-02-2022 14:09:00,50.1,50.6,47.15,47.45,23675,244525,2022-02-08
BANKNIFTYWK36600PE,08-02-2022 14:10:00,47.55,49.55,43.0,48.85,41800,244525,2022-02-08
BANKNIFTYWK36600PE,08-02-2022 14:11:00,49.25,49.9,45.3,45.4,30075,244525,2022-02-08
BANKNIFTYWK36600PE,08-02-2022 14:12:00,45.8,48.0,45.2,48.0,8200,262300,2022-02-08
BANKNIFTYWK36600PE,08-02-2022 14:13:00,48.3,53.75,47.65,52.85,27300,262300,2022-02-08
BANKNIFTYWK36600PE,08-02-2022 14:14:00,53.1,53.95,50.0,52.05,22150,262300,2022-02-08
BANKNIFTYWK36600PE,08-02-2022 14:15:00,52.6,54.0,49.85,50.9,28825,259750,2022-02-08
BANKNIFTYWK36600PE,08-02-2022 14:16:00,52.1,55.65,49.7,55.6,20400,259750,2022-02-08
BANKNIFTYWK36600PE,08-02-2022 14:17:00,56.95,57.35,52.95,54.95,26250,259750,2022-02-08
BANKNIFTYWK36600PE,08-02-2022 14:18:00,56.25,57.35,51.5,53.7,29475,259775,2022-02-08
BANKNIFTYWK36600PE,08-02-2022 14:19:00,53.35,55.0,46.2,46.2,22225,259775,2022-02-08
BANKNIFTYWK36600PE,08-02-2022 14:20:00,47.4,51.9,42.4,51.3,40775,259775,2022-02-08
BANKNIFTYWK36600PE,08-02-2022 14:21:00,50.6,52.05,46.5,46.6,18875,264750,2022-02-08
BANKNIFTYWK36600PE,08-02-2022 14:22:00,47.45,49.4,47.25,48.6,12500,264750,2022-02-08
BANKNIFTYWK36600PE,08-02-2022 14:23:00,49.0,49.0,45.95,47.4,16275,264750,2022-02-08
BANKNIFTYWK36600PE,08-02-2022 14:24:00,48.5,48.5,45.6,47.5,9575,260350,2022-02-08
BANKNIFTYWK36600PE,08-02-2022 14:25:00,47.2,47.65,44.0,44.9,13575,260350,2022-02-08
BANKNIFTYWK36600PE,08-02-2022 14:26:00,45.4,46.0,42.1,45.0,15850,260350,2022-02-08
BANKNIFTYWK36600PE,08-02-2022 14:27:00,44.7,47.15,44.3,46.0,7500,257000,2022-02-08
BANKNIFTYWK36600PE,08-02-2022 14:28:00,46.3,51.35,45.0,49.55,16650,257000,2022-02-08
BANKNIFTYWK36600PE,08-02-2022 14:29:00,50.35,51.1,40.65,42.9,59125,257000,2022-02-08
BANKNIFTYWK36600PE,08-02-2022 14:30:00,43.9,46.25,42.45,44.5,19625,249925,2022-02-08
BANKNIFTYWK36600PE,08-02-2022 14:31:00,43.6,44.9,42.6,43.3,11525,249925,2022-02-08
BANKNIFTYWK36600PE,08-02-2022 14:32:00,42.85,43.85,39.0,40.75,44550,249925,2022-02-08
BANKNIFTYWK36600PE,08-02-2022 14:33:00,41.45,42.5,39.65,40.15,14300,247125,2022-02-08
BANKNIFTYWK36600PE,08-02-2022 14:34:00,40.8,42.25,39.3,39.4,17900,247125,2022-02-08
BANKNIFTYWK36600PE,08-02-2022 14:35:00,39.1,44.55,34.6,36.05,37850,247125,2022-02-08
BANKNIFTYWK36600PE,08-02-2022 14:36:00,35.4,39.9,35.3,39.25,21450,251550,2022-02-08
BANKNIFTYWK36600PE,08-02-2022 14:37:00,39.15,41.0,38.2,39.8,25450,251550,2022-02-08
BANKNIFTYWK36600PE,08-02-2022 14:38:00,39.85,41.9,38.45,40.65,19075,251550,2022-02-08
BANKNIFTYWK36600PE,08-02-2022 14:39:00,41.6,42.3,39.45,41.15,12950,264800,2022-02-08
BANKNIFTYWK36600PE,08-02-2022 14:40:00,41.15,42.0,38.15,41.0,13900,264800,2022-02-08
BANKNIFTYWK36600PE,08-02-2022 14:41:00,41.75,42.5,39.85,39.85,17875,264800,2022-02-08
BANKNIFTYWK36600PE,08-02-2022 14:42:00,39.5,40.6,37.5,39.4,14375,273700,2022-02-08
BANKNIFTYWK36600PE,08-02-2022 14:43:00,39.4,39.85,38.1,38.2,5950,273700,2022-02-08
BANKNIFTYWK36600PE,08-02-2022 14:44:00,38.4,38.4,34.95,35.45,17050,273700,2022-02-08
BANKNIFTYWK36600PE,08-02-2022 14:45:00,35.4,35.5,29.95,29.95,33900,249975,2022-02-08
BANKNIFTYWK36600PE,08-02-2022 14:46:00,29.85,31.05,29.0,30.75,17825,249975,2022-02-08
BANKNIFTYWK36600PE,08-02-2022 14:47:00,30.9,35.2,30.3,35.0,23575,249975,2022-02-08
BANKNIFTYWK36600PE,08-02-2022 14:48:00,34.95,36.3,32.8,33.4,9750,223325,2022-02-08
BANKNIFTYWK36600PE,08-02-2022 14:49:00,34.0,35.5,33.9,34.6,8850,223325,2022-02-08
BANKNIFTYWK36600PE,08-02-2022 14:50:00,35.0,35.55,31.45,32.4,12700,223325,2022-02-08
BANKNIFTYWK36600PE,08-02-2022 14:51:00,31.95,34.6,30.95,30.95,7375,199575,2022-02-08
BANKNIFTYWK36600PE,08-02-2022 14:52:00,31.05,31.95,29.75,30.75,17475,199575,2022-02-08
BANKNIFTYWK36600PE,08-02-2022 14:53:00,30.65,32.9,30.65,30.7,9450,199575,2022-02-08
BANKNIFTYWK36600PE,08-02-2022 14:54:00,31.4,34.05,31.4,33.15,15775,195700,2022-02-08
BANKNIFTYWK36600PE,08-02-2022 14:55:00,33.1,33.25,26.35,26.55,25150,195700,2022-02-08
BANKNIFTYWK36600PE,08-02-2022 14:56:00,26.8,27.45,24.55,24.85,42550,195700,2022-02-08
BANKNIFTYWK36600PE,08-02-2022 14:57:00,24.95,25.2,21.85,23.25,32800,201225,2022-02-08
BANKNIFTYWK36600PE,08-02-2022 14:58:00,23.3,23.8,22.0,23.05,24450,201225,2022-02-08
BANKNIFTYWK36600PE,08-02-2022 14:59:00,23.0,24.3,22.8,23.6,31600,201225,2022-02-08
BANKNIFTYWK36600PE,08-02-2022 15:00:00,23.8,24.4,20.55,20.85,31325,200550,2022-02-08
BANKNIFTYWK36600PE,08-02-2022 15:01:00,21.0,22.2,19.85,20.25,25525,200550,2022-02-08
BANKNIFTYWK36600PE,08-02-2022 15:02:00,20.5,20.8,18.95,19.3,32925,200550,2022-02-08
BANKNIFTYWK36600PE,08-02-2022 15:03:00,19.3,19.65,18.4,19.55,34350,199325,2022-02-08
BANKNIFTYWK36600PE,08-02-2022 15:04:00,19.6,21.05,19.35,19.35,26100,199325,2022-02-08
BANKNIFTYWK36600PE,08-02-2022 15:05:00,19.25,19.85,18.15,19.1,38550,199325,2022-02-08
BANKNIFTYWK36600PE,08-02-2022 15:06:00,19.1,19.85,17.8,17.8,47200,216325,2022-02-08
BANKNIFTYWK36600PE,08-02-2022 15:07:00,18.0,18.95,16.7,16.95,76000,216325,2022-02-08
BANKNIFTYWK36600PE,08-02-2022 15:08:00,16.6,16.85,16.0,16.3,98475,216325,2022-02-08
BANKNIFTYWK36600PE,08-02-2022 15:09:00,16.3,18.2,16.3,18.2,43350,306250,2022-02-08
BANKNIFTYWK36600PE,08-02-2022 15:10:00,18.2,19.1,16.85,17.15,66975,306250,2022-02-08
BANKNIFTYWK36600PE,08-02-2022 15:11:00,17.15,17.85,16.55,16.6,34000,306250,2022-02-08
BANKNIFTYWK36600PE,08-02-2022 15:12:00,16.65,17.35,16.6,16.9,37325,338475,2022-02-08
BANKNIFTYWK36600PE,08-02-2022 15:13:00,16.9,17.05,16.0,16.7,33350,338475,2022-02-08
BANKNIFTYWK36600PE,08-02-2022 15:14:00,16.7,16.9,15.95,16.1,31575,338475,2022-02-08
BANKNIFTYWK36600PE,08-02-2022 15:15:00,16.1,16.25,13.25,14.9,56300,343150,2022-02-08
BANKNIFTYWK36600PE,08-02-2022 15:16:00,14.75,15.5,14.75,15.45,22875,343150,2022-02-08
BANKNIFTYWK36600PE,08-02-2022 15:17:00,15.35,16.5,15.35,16.4,25950,343150,2022-02-08
BANKNIFTYWK36600PE,08-02-2022 15:18:00,16.4,16.95,16.2,16.7,27100,338775,2022-02-08
BANKNIFTYWK36600PE,08-02-2022 15:19:00,16.7,17.15,16.55,17.15,16975,338775,2022-02-08
BANKNIFTYWK36600PE,08-02-2022 15:20:00,17.1,20.35,17.0,20.35,22400,338775,2022-02-08
BANKNIFTYWK36600PE,08-02-2022 15:21:00,20.65,21.8,19.55,20.3,29150,338850,2022-02-08
BANKNIFTYWK36600PE,08-02-2022 15:22:00,20.35,20.45,19.45,19.65,17200,338850,2022-02-08
BANKNIFTYWK36600PE,08-02-2022 15:23:00,19.7,20.0,16.95,16.95,18150,338850,2022-02-08
BANKNIFTYWK36600PE,08-02-2022 15:24:00,16.75,19.15,16.65,18.55,22950,334375,2022-02-08
BANKNIFTYWK36600PE,08-02-2022 15:25:00,18.3,18.3,15.6,17.05,33150,334375,2022-02-08
BANKNIFTYWK36600PE,08-02-2022 15:26:00,17.1,17.2,16.4,17.05,21200,334375,2022-02-08
BANKNIFTYWK36600PE,08-02-2022 15:27:00,16.9,17.15,16.3,16.5,13525,326050,2022-02-08
BANKNIFTYWK36600PE,08-02-2022 15:28:00,16.55,16.8,16.15,16.75,23000,326050,2022-02-08
BANKNIFTYWK36600PE,08-02-2022 15:29:00,16.75,16.85,14.45,15.05,34225,326050,2022-02-08
